EVI,NDVI,NDWI,day,month,time,year,timestamp,SAR_VH,SAR_VV
0.8000382282606764,0.3274669710765858,-0.3761410441916472,28,12,1545984186000,2018,2018-12-28 08:03:06.000,-17.771265656400193,-10.433876585121594
0.6551948912359106,0.2784195181873585,-0.3276400986444689,12,1,1547280184000,2019,2019-01-12 08:03:04.000,-17.739178597319654,-9.759508593693802
0.8152456286382271,0.3426675005819314,-0.40329432043172,17,1,1547712188000,2019,2019-01-17 08:03:08.000,-17.78507129371108,-10.422528156285425
0.6967588585246488,0.3028475398541329,-0.3526824002478304,1,2,1549008186000,2019,2019-02-01 08:03:06.000,-17.301418218557867,-10.080445536925398
0.7955530202589807,0.2836987062243872,-0.3296398250801278,6,2,1549440189000,2019,2019-02-06 08:03:09.000,-17.35076517109449,-9.160312851675698
0.7575355497176613,0.3167489480243084,-0.3590047007328518,11,2,1549872186000,2019,2019-02-11 08:03:06.000,-17.524506499645085,-10.615610579312404
0.738976551762991,0.2599348916445719,-0.3042930680119156,16,2,1550304189000,2019,2019-02-16 08:03:09.000,-17.571354567892772,-10.03931512477332
0.693103292523508,0.3236231817704197,-0.3832353300984695,3,3,1551600184000,2019,2019-03-03 08:03:04.000,-17.596533618421752,-9.887072069485601
0.7395549098785065,0.2990158036665015,-0.3584436655500239,8,3,1552032186000,2019,2019-03-08 08:03:06.000,-17.680039587155367,-10.515633817974933
0.6111311846735481,0.252790200952405,-0.3128770885933717,13,3,1552464185130,2019,2019-03-13 08:03:05.130,-17.235338764269684,-10.12105815517481
0.657801715715056,0.2976123019088815,-0.3599110036222039,18,3,1552896187000,2019,2019-03-18 08:03:07.000,-17.787427040407653,-10.572945069682703
0.6886909496029492,0.2858188944612695,-0.3505964610654339,28,3,1553760190000,2019,2019-03-28 08:03:10.000,-17.715722331954204,-10.054759201251166
0.5884148730644122,0.2829717008153487,-0.3509999438852114,2,4,1554192189000,2019,2019-04-02 08:03:09.000,-17.858431650109548,-10.7727374209871
0.6622476913055274,0.2643861618747052,-0.3246294716361,12,4,1555056191000,2019,2019-04-12 08:03:11.000,-17.656574437052342,-10.568367818828207
0.635254500121021,0.2209536112750594,-0.2810852435640077,17,4,1555488195000,2019,2019-04-17 08:03:15.000,-17.69142305877028,-10.248989273851686
0.5766521054485488,0.2289423215372014,-0.2962195128372937,22,4,1555920192000,2019,2019-04-22 08:03:12.000,-17.69142305877028,-10.248989273851686
0.5568087363747259,0.176254571583461,-0.2342031450176727,27,4,1556352196000,2019,2019-04-27 08:03:16.000,-17.55112231622273,-10.609357785963573
0.5391690232581015,0.2104168261995974,-0.2766413728137212,2,5,1556784193000,2019,2019-05-02 08:03:13.000,-17.207434875406477,-9.947642738780168
0.5665117538313532,0.2024665743049574,-0.2677949525561418,7,5,1557216197494,2019,2019-05-07 08:03:17.494,-17.584066251106886,-10.61364966944867
0.5548286292209609,0.1867978655002582,-0.2457237466713859,12,5,1557648193000,2019,2019-05-12 08:03:13.000,-17.530157971986743,-9.949237208609926
0.6516829653795467,0.2191557582785341,-0.278622965259549,17,5,1558080197000,2019,2019-05-17 08:03:17.000,-17.352400112367572,-10.592630041551839
0.5686499945664308,0.22187620910762,-0.2935283052097618,27,5,1558944197000,2019,2019-05-27 08:03:17.000,-17.750894938445605,-9.942942417921284
0.512088178382123,0.19494456813623,-0.2666422265842854,1,6,1559376191000,2019,2019-06-01 08:03:11.000,-17.32919720693823,-10.546657939053132
0.6040844246968301,0.2182924956101539,-0.2874884124097253,6,6,1559808197000,2019,2019-06-06 08:03:17.000,-17.352264140602255,-9.616865334569791
0.6469000648872502,0.1581651685403808,-0.1909267248084673,11,6,1560240192000,2019,2019-06-11 08:03:12.000,-17.32844927171737,-10.528922553672718
-2.0831527846479405,0.1277312339843263,-0.1621551250531075,16,6,1560672196807,2019,2019-06-16 08:03:16.807,-17.782780927625726,-9.809837129898973
0.5419816721879074,0.2240880668207669,-0.2950022646055529,21,6,1561104193000,2019,2019-06-21 08:03:13.000,-17.782780927625726,-9.809837129898973
0.5875400532614063,0.2137397651662255,-0.2844188897205605,26,6,1561536197000,2019,2019-06-26 08:03:17.000,-17.490151728047493,-10.273665229984056
0.5284004895557447,0.2313446080614641,-0.3048267799520086,1,7,1561968194070,2019,2019-07-01 08:03:14.070,-17.36480798199776,-9.496007817064307
-0.2537652103989626,0.0447077216978889,-0.0600708639569802,6,7,1562400198000,2019,2019-07-06 08:03:18.000,-17.23720095713682,-10.217946434286825
0.5219147537295629,0.2281694385003393,-0.3019883545528881,11,7,1562832194000,2019,2019-07-11 08:03:14.000,-17.546623741791006,-9.659692027723276
0.5525810517291667,0.2415768839079206,-0.3142996875935135,16,7,1563264198071,2019,2019-07-16 08:03:18.071,-17.368880037698258,-10.386174912466819
0.6701656375574225,0.177172445449783,-0.2370547650674933,26,7,1564128197645,2019,2019-07-26 08:03:17.645,-17.24922623641929,-9.40401816712702
0.540383494403257,0.2279848010666968,-0.3027451356162468,10,8,1565424193106,2019,2019-08-10 08:03:13.106,-17.03672630636205,-10.435358837088344
0.5972514577727261,0.2176093321054153,-0.2875533007800904,15,8,1565856195637,2019,2019-08-15 08:03:15.637,-17.369785895824158,-9.946833663859689
0.5093396190615856,0.1991223646649557,-0.2700353723732004,20,8,1566288191855,2019,2019-08-20 08:03:11.855,-17.369785895824158,-9.946833663859689
0.5605299367723395,0.2163523291453012,-0.290775715143282,25,8,1566720194000,2019,2019-08-25 08:03:14.000,-17.234954045360652,-10.364196557323437
0.5390895519948797,0.2138677361614694,-0.2877984653603525,30,8,1567152190183,2019,2019-08-30 08:03:10.183,-17.39586496852336,-9.79635788272328
0.6545889442957931,0.1946337525022438,-0.2574164553166524,4,9,1567584191984,2019,2019-09-04 08:03:11.984,-17.346165385523552,-10.465937833547697
0.5536703749061679,0.2096678026397856,-0.2804901910283354,9,9,1568016188035,2019,2019-09-09 08:03:08.035,-17.374664478608494,-9.720085033115469
0.5839727711653486,0.208643783181649,-0.2745352536875352,14,9,1568448189502,2019,2019-09-14 08:03:09.502,-17.244534418931316,-10.361668526622209
0.5075630302954038,0.1988075533058869,-0.2699087895895536,29,9,1569744190762,2019,2019-09-29 08:03:10.762,-17.23402567784473,-10.51757686175678
0.6039119171322979,0.2196525173684262,-0.28596407046717,4,10,1570176190043,2019,2019-10-04 08:03:10.043,-17.56335432537534,-10.018007701127463
0.5581170630133464,0.2135211590229011,-0.2801936904743106,9,10,1570608191890,2019,2019-10-09 08:03:11.890,-17.408863294330594,-10.568654583213414
0.6611169481818217,0.2268635959199093,-0.2929358395413359,14,10,1571040190505,2019,2019-10-14 08:03:10.505,-17.6512894229943,-9.951058325745983
0.5456170819100908,0.2313176444899597,-0.3023838047055177,19,10,1571472192513,2019,2019-10-19 08:03:12.513,-17.6512894229943,-9.951058325745983
0.5533934275288805,0.2600511104550166,-0.3371284166884857,29,10,1572336192564,2019,2019-10-29 08:03:12.564,-17.93392184050677,-10.03764015994082
0.6535252590662932,0.2644201866081212,-0.3349449731222306,3,11,1572768189647,2019,2019-11-03 08:03:09.647,-17.620150008603247,-10.621383415627731
0.6080592752298443,0.2153147097873936,-0.2807404053675068,8,11,1573200191941,2019,2019-11-08 08:03:11.941,-17.694033202009667,-9.622302184140471
0.7167332766608862,0.2193244152027597,-0.2628867093957149,13,11,1573632188300,2019,2019-11-13 08:03:08.300,-17.611545061444893,-10.62710180230025
0.717303288801635,0.2646141418379726,-0.3286933031017178,23,11,1574496186278,2019,2019-11-23 08:03:06.278,-18.048297578094033,-9.795437349925349
0.6352058303418272,0.2535096893932812,-0.3164025117574262,28,11,1574928188883,2019,2019-11-28 08:03:08.883,-17.65862358139473,-10.616693229513105
0.856490052117674,0.3015801355227607,-0.3715535642072188,3,12,1575360183622,2019,2019-12-03 08:03:03.622,-18.09691313766781,-9.7656136000488
0.6389398680899392,0.3046370031490659,-0.3772245581415643,8,12,1575792186357,2019,2019-12-08 08:03:06.357,-17.73388601525675,-10.722630344686157
0.6689765149112186,0.2859900351737261,-0.3505489003442762,13,12,1576224183768,2019,2019-12-13 08:03:03.768,-17.949055765117084,-9.950793041514878
0.6084043762657639,0.2846984550468763,-0.355444440816732,18,12,1576656183267,2019,2019-12-18 08:03:03.267,-17.949055765117084,-9.950793041514878
-0.9032653970328076,0.1074166776041644,-0.1292935841366132,23,12,1577088184313,2019,2019-12-23 08:03:04.313,-17.546185308893982,-10.807916646974807
0.5854379117136806,0.3034092867672369,-0.3766297530543562,28,12,1577520183932,2019,2019-12-28 08:03:03.932,-18.016914773200536,-9.97549157189664
0.6364213507205743,0.3022469810976482,-0.3750427866070435,2,1,1577952184314,2020,2020-01-02 08:03:04.314,-17.786572772259557,-10.626887772705738
0.610079911273485,0.2965482805836629,-0.3745928354339743,7,1,1578384183761,2020,2020-01-07 08:03:03.761,-17.94668586983728,-9.922856651363793
0.6415039712528703,0.2511949548823575,-0.3197423737675733,12,1,1578816183787,2020,2020-01-12 08:03:03.787,-17.87802669605635,-10.656996690928626
0.6091302294548374,0.2703681416772783,-0.3441819864297074,22,1,1579680182676,2020,2020-01-22 08:03:02.676,-17.807183446776225,-9.864480817034815
0.5986333706600467,0.2997938883116258,-0.3787831622008326,27,1,1580112182262,2020,2020-01-27 08:03:02.262,-18.00515030137762,-10.9000039550042
0.6077213125046693,0.286641893384469,-0.3655899754524371,1,2,1580544182210,2020,2020-02-01 08:03:02.210,-17.78339918701044,-9.917745745312196
0.5780604462588345,0.2441041055026318,-0.3157493454912097,6,2,1580976180989,2020,2020-02-06 08:03:00.989,-17.540424737610948,-10.489534892945859
0.6130724324891269,0.2863695166482566,-0.3689998989024465,11,2,1581408184301,2020,2020-02-11 08:03:04.301,-17.929958268984315,-10.061846014500633
0.6800908391843048,0.2628700590278652,-0.3311179674223835,21,2,1582272185823,2020,2020-02-21 08:03:05.823,-17.61733452866721,-10.806435474190083
0.5791518197628505,0.2820427866724248,-0.357343434150924,26,2,1582704184352,2020,2020-02-26 08:03:04.352,-17.755628023503718,-10.060939870491698
0.629818281347256,0.2801016745098412,-0.3535945336049772,2,3,1583136186796,2020,2020-03-02 08:03:06.796,-17.64418946136101,-10.750786461238665
0.5603716403507325,0.2607309289449683,-0.336729312824754,7,3,1583568185233,2020,2020-03-07 08:03:05.233,-17.756927365381554,-9.927774368360291
0.6220049972373195,0.2683593264801913,-0.3435561069608335,22,3,1584864187240,2020,2020-03-22 08:03:07.240,-17.462775210877403,-9.663347607460572
0.4505211703905809,0.1731725076111303,-0.2418387565707833,6,4,1586160186295,2020,2020-04-06 08:03:06.295,-17.204197392109073,-10.243273621478863
0.5048760818448595,0.2068661627031499,-0.2814832333885566,16,4,1587024189092,2020,2020-04-16 08:03:09.092,-17.54138682063812,-9.813781986965047
0.6057905410727332,0.2191683234589607,-0.2854280251985388,21,4,1587456183971,2020,2020-04-21 08:03:03.971,-17.65927908774373,-10.46183372230657
0.5366987893484323,0.2271249223062062,-0.3013616137133555,26,4,1587888191428,2020,2020-04-26 08:03:11.428,-17.48006845995298,-9.843741380210687
0.6511149623052436,0.2569692165624898,-0.3227207867093703,1,5,1588320185603,2020,2020-05-01 08:03:05.603,-17.31328435306768,-10.389590498998478
0.5556427630003948,0.2471645843518266,-0.3217973158065471,6,5,1588752193206,2020,2020-05-06 08:03:13.206,-17.30294863500539,-9.934026243700865
0.5798781286957281,0.2144826013863235,-0.2777455392553369,11,5,1589184187845,2020,2020-05-11 08:03:07.845,-17.448956821779987,-10.544604256537177
0.5497499470809643,0.2050308144186022,-0.2738201289830323,21,5,1590048189586,2020,2020-05-21 08:03:09.586,-17.115884678615473,-9.666951305944496
0.5340697665802557,0.2135204938400305,-0.2833095385380951,26,5,1590480195296,2020,2020-05-26 08:03:15.296,-17.406201684998035,-10.403283947898235
0.4658920187518626,0.1660955164911281,-0.22877031641329,5,6,1591344195614,2020,2020-06-05 08:03:15.614,-17.282934650848897,-10.402118041980346
0.5877041447473451,0.214765955046454,-0.2819106569391971,10,6,1591776191584,2020,2020-06-10 08:03:11.584,-16.809277009794897,-9.486938094781054
0.474887358962254,0.1962378540427033,-0.2705606809777678,15,6,1592208195439,2020,2020-06-15 08:03:15.439,-16.809277009794897,-9.486938094781054
0.6003641145709364,0.2282122973200077,-0.2950953755895437,20,6,1592640191845,2020,2020-06-20 08:03:11.845,-17.423018539454947,-10.297222706822897
0.5445058536881694,0.2165614458427489,-0.285914771007098,25,6,1593072194873,2020,2020-06-25 08:03:14.873,-16.80746210615583,-9.58895971206194
0.5158962521194494,0.2031537528985738,-0.2730454807333247,5,7,1593936193885,2020,2020-07-05 08:03:13.885,-16.75190558357262,-9.419543435254187
0.5687895504699709,0.2285803508277238,-0.300239917407639,10,7,1594368191086,2020,2020-07-10 08:03:11.086,-17.615932578794112,-10.444006308819343
0.4668364828011616,0.1389620109239138,-0.1948497718287642,25,7,1595664194818,2020,2020-07-25 08:03:14.818,-17.336533148884804,-10.558374091934486
0.5294195841731872,0.1722354012475412,-0.2387745331691717,30,7,1596096192014,2020,2020-07-30 08:03:12.014,-17.249854838194015,-9.342148948954103
0.5785544249310639,0.2331666395402752,-0.3038727701078675,4,8,1596528195256,2020,2020-08-04 08:03:15.256,-17.746662449662725,-10.511370263160162
0.5722605676035093,0.2257926005805313,-0.2962117077414717,14,8,1597392195211,2020,2020-08-14 08:03:15.211,-17.06137846564116,-9.63550063102539
0.7157894572160421,0.2376526443116264,-0.3066543662099253,19,8,1597824192850,2020,2020-08-19 08:03:12.850,-17.4694617261327,-10.62141480607324
0.6345460425850133,0.2305071783620195,-0.3026954012408759,24,8,1598256194781,2020,2020-08-24 08:03:14.781,-16.831056830867887,-9.545999627648557
0.6144551120578908,0.2441254804383293,-0.3125853073961501,29,8,1598688192597,2020,2020-08-29 08:03:12.597,-17.561957512369258,-10.738289450858206
0.5243514654083969,0.1866486752127042,-0.2537015031589314,3,9,1599120193926,2020,2020-09-03 08:03:13.926,-16.79278240475857,-9.471622641690706
0.6535655502034312,0.2487506538324544,-0.317526571212993,8,9,1599552191926,2020,2020-09-08 08:03:11.926,-17.458863699898878,-10.659765969959869
0.6547784548994569,0.2444540414840687,-0.3142004289797092,18,9,1600416191022,2020,2020-09-18 08:03:11.022,-16.834416940930744,-9.318064626718156
0.5641434199531568,0.2340533148789802,-0.3081048023182352,23,9,1600848194457,2020,2020-09-23 08:03:14.457,-17.586369932734797,-10.564994682655124
0.6396556473047463,0.2361336384275378,-0.3050819448047061,28,9,1601280192251,2020,2020-09-28 08:03:12.251,-16.88198196777203,-9.57469394876649
0.5506280270611145,0.2286004838865664,-0.3014384208018381,3,10,1601712195079,2020,2020-10-03 08:03:15.079,-17.45373101768606,-10.580504730188087
0.6523586841925045,0.2395124670504708,-0.3068777564343108,8,10,1602144192950,2020,2020-10-08 08:03:12.950,-16.88446860878435,-9.19316803206447
0.5834239582372417,0.2597600667120312,-0.332356259636319,13,10,1602576195086,2020,2020-10-13 08:03:15.086,-16.88446860878435,-9.19316803206447
0.6574856820616958,0.2708376057199146,-0.3426186801163699,18,10,1603008193014,2020,2020-10-18 08:03:13.014,-17.6751862277976,-10.564327566143703
0.5849909796832874,0.2684080391114692,-0.3419826012816602,23,10,1603440194642,2020,2020-10-23 08:03:14.642,-17.237850320187952,-9.55577423321938
0.6795988204700302,0.2831861733643302,-0.354041943641646,28,10,1603872192432,2020,2020-10-28 08:03:12.432,-17.7146963836067,-10.734626583400116
0.5659801649245834,0.2417755884519889,-0.312463016063715,2,11,1604304194277,2020,2020-11-02 08:03:14.277,-17.165987546113204,-9.689854535494797
0.681533097461592,0.2671660739487398,-0.3346753432726637,7,11,1604736191165,2020,2020-11-07 08:03:11.165,-17.91671535097104,-10.755738679920197
0.5786186950975104,0.2846565032987009,-0.3508480323810167,22,11,1606032191305,2020,2020-11-22 08:03:11.305,-17.830219110536948,-10.879891077098064
0.668431215762524,0.3127861041663284,-0.3826342400181556,2,12,1606896188639,2020,2020-12-02 08:03:08.639,-17.823776018438814,-10.704950480390151
0.6804232263028879,0.3165016898085801,-0.3856559828815058,7,12,1607328187432,2020,2020-12-07 08:03:07.432,-17.22368223444972,-10.072504164936792
0.5944690571267987,0.2920426162786219,-0.364403345778212,12,12,1607760186061,2020,2020-12-12 08:03:06.061,-17.22368223444972,-10.072504164936792
0.6372203372010095,0.1850710177321737,-0.2300253860480475,22,12,1608624188145,2020,2020-12-22 08:03:08.145,-17.275264361955504,-9.818304399531804
0.6539656381113347,0.1797843281453394,-0.2302292790478798,1,1,1609488189498,2021,2021-01-01 08:03:09.498,-17.486659637748428,-9.815863589857734
0.7859256789959179,0.2813494053651869,-0.3392009037598379,6,1,1609920188263,2021,2021-01-06 08:03:08.263,-18.18609006206774,-11.08908925284628
0.658894975126093,0.2810379570444603,-0.3444772687965689,16,1,1610784189051,2021,2021-01-16 08:03:09.051,-17.552653793539108,-9.672538501381766
0.4820289856250668,0.1871566827722076,-0.2478717240110536,21,1,1611216190052,2021,2021-01-21 08:03:10.052,-18.17103808820365,-10.857772105178267
0.6424203670007974,0.2067839192811352,-0.2644429542005118,26,1,1611648189170,2021,2021-01-26 08:03:09.170,-17.460555200519146,-9.79203068564001
0.5621603853741246,0.2624160498281568,-0.3337931102341863,10,2,1612944188075,2021,2021-02-10 08:03:08.075,-17.559731098593783,-9.768498112844865
0.6646191034809693,0.2532843214498076,-0.3210305351061794,15,2,1613376187424,2021,2021-02-15 08:03:07.424,-18.113141605273555,-10.875569234237663
0.5686347186453825,0.259577629667225,-0.3319170850312359,20,2,1613808188752,2021,2021-02-20 08:03:08.752,-17.505724466613845,-9.973291786377448
0.6669174739841194,0.2850408563262669,-0.3571549579944054,25,2,1614240187776,2021,2021-02-25 08:03:07.776,-18.08044174193779,-10.941371681879994
0.5687798576755987,0.2571649219649878,-0.3320302717351562,2,3,1614672189196,2021,2021-03-02 08:03:09.196,-17.588581596475372,-9.725263274964817
0.5641910192040771,0.1852462053907231,-0.2473690651388962,7,3,1615104188497,2021,2021-03-07 08:03:08.497,-17.983565071376294,-10.945809224642677
0.5685805739127355,0.2260715580213302,-0.2976612141783252,17,3,1615968188601,2021,2021-03-17 08:03:08.601,-17.20935560619509,-9.775578343656242
0.4835994668244994,0.1932225688673887,-0.2655242482686144,22,3,1616400188022,2021,2021-03-22 08:03:08.022,-17.545742334485716,-10.616419416065076
0.574041875690882,0.2308664675733487,-0.3037663683233869,27,3,1616832188024,2021,2021-03-27 08:03:08.024,-17.37680218975505,-9.793600016373315
0.5069567146106472,0.2167829042400284,-0.2899134478278556,1,4,1617264186448,2021,2021-04-01 08:03:06.448,-17.814862240443404,-10.713539753986764
0.4984918634810688,0.1646648047162632,-0.2283525846860807,6,4,1617696186763,2021,2021-04-06 08:03:06.763,-17.25800502491556,-9.529431994793523
0.6059569667438117,0.2561175008030803,-0.3235710390190187,11,4,1618128184236,2021,2021-04-11 08:03:04.236,-17.25800502491556,-9.529431994793523
0.5454727663574801,0.1805463970876285,-0.2423159381280866,16,4,1618560184949,2021,2021-04-16 08:03:04.949,-17.721065198998943,-10.621188984711067
0.5913022579194931,0.2396137773065683,-0.3057025380202238,21,4,1618992184716,2021,2021-04-21 08:03:04.716,-17.175487611363646,-9.668573329447078
0.6216859357840011,0.2459230652908331,-0.3103125501818199,26,4,1619424184267,2021,2021-04-26 08:03:04.267,-17.560509935149827,-10.499892341956173
0.6393552701154064,0.2472361176121234,-0.3097194440738403,1,5,1619856187030,2021,2021-05-01 08:03:07.030,-17.044636250165667,-9.857690777253435
0.7108869639175744,0.2331543604478597,-0.2969324898130701,6,5,1620288186671,2021,2021-05-06 08:03:06.671,-17.756691164116077,-10.667681828988911
0.6660308739594865,0.2565085359008139,-0.3210670456745811,16,5,1621152188550,2021,2021-05-16 08:03:08.550,-16.85797240519873,-9.810982199874516
-0.1293815994866222,0.0368518346747338,-0.0186593249552357,21,5,1621584189735,2021,2021-05-21 08:03:09.735,-17.732132049638427,-10.636721789837503
0.6809616059410019,0.2437498158758711,-0.3014203502999142,26,5,1622016189751,2021,2021-05-26 08:03:09.751,-16.906410735724666,-9.863640787776182
0.5991608308400214,0.2184159410106722,-0.2857267999129754,5,6,1622880190300,2021,2021-06-05 08:03:10.300,-16.993053688047425,-9.752767870922327
0.5714372875163675,0.2249754927457361,-0.2930773903272316,10,6,1623312189967,2021,2021-06-10 08:03:09.967,-16.993053688047425,-9.752767870922327
0.5405011523708336,0.1859556187597081,-0.2519644594638516,15,6,1623744190305,2021,2021-06-15 08:03:10.305,-17.52377214434999,-10.558337791221858
0.4892777973294275,0.1778939226320089,-0.2409757895614673,20,6,1624176189908,2021,2021-06-20 08:03:09.908,-17.12615678199355,-9.678678763820463
0.5890971142520228,0.2090248313076062,-0.2747262810502144,25,6,1624608189822,2021,2021-06-25 08:03:09.822,-17.515947771637496,-10.598409324862356
0.6026285041280057,0.2219231432856727,-0.2871017830303505,5,7,1625472190841,2021,2021-07-05 08:03:10.841,-17.38836370561774,-10.621753698017004
0.5878880182703633,0.2182052760101847,-0.2878994439279395,15,7,1626336191333,2021,2021-07-15 08:03:11.333,-17.06099558011475,-9.589458493077087
0.5651279335080812,0.1856294641167519,-0.2471904740206942,20,7,1626768192676,2021,2021-07-20 08:03:12.676,-17.63720758094473,-10.660739337531467
0.5945262416153159,0.206140095629595,-0.2705248870959949,25,7,1627200191295,2021,2021-07-25 08:03:11.295,-17.02107218600232,-9.4101386451296
0.5990900468049739,0.2381793265542825,-0.3062678842760392,30,7,1627632192591,2021,2021-07-30 08:03:12.591,-17.76961656316838,-10.608167333846794
0.5839042942140908,0.1964800813570416,-0.2593115854194258,4,8,1628064190646,2021,2021-08-04 08:03:10.646,-17.187717346127627,-9.70772450979401
0.5472330891399545,0.2246445744299527,-0.2954804796691532,9,8,1628496191921,2021,2021-08-09 08:03:11.921,-17.187717346127627,-9.70772450979401
0.6155274289957061,0.2028031314840766,-0.2666903016388903,14,8,1628928189506,2021,2021-08-14 08:03:09.506,-17.523025111135503,-10.641887026349433
0.6125341556162064,0.2245843521442448,-0.2910113416164154,24,8,1629792187863,2021,2021-08-24 08:03:07.863,-18.069307602287093,-10.659807163218044
0.5550152741901176,0.2214244271795399,-0.2949612594439164,29,8,1630224190890,2021,2021-08-29 08:03:10.890,-17.07162210699821,-9.602170397567953
0.6576122113906939,0.2160309281312384,-0.279633814569996,3,9,1630656185757,2021,2021-09-03 08:03:05.757,-17.662390959169727,-10.830130211308017
0.625727025108019,0.2313638269303138,-0.2985363910695124,13,9,1631520185518,2021,2021-09-13 08:03:05.518,-17.175027619516587,-9.711442807890684
0.5546458859767948,0.2063195451987275,-0.272316731609337,18,9,1631952191448,2021,2021-09-18 08:03:11.448,-17.65849855932972,-10.72502156476724
0.680888738760319,0.202715093603736,-0.2605283427542401,23,9,1632384187123,2021,2021-09-23 08:03:07.123,-17.32093570562166,-9.811627238988187
0.57825771954682,0.2241094115564658,-0.2926058972611403,28,9,1632816193338,2021,2021-09-28 08:03:13.338,-17.885062183555334,-10.716486786349735
0.5960079900609999,0.2066108802288287,-0.2740470973000334,3,10,1633248189207,2021,2021-10-03 08:03:09.207,-17.014281516452815,-9.808332621965494
0.5630085599694884,0.2206010746865995,-0.2917447594837391,8,10,1633680194478,2021,2021-10-08 08:03:14.478,-17.014281516452815,-9.808332621965494
0.6328134164193187,0.2343155853836348,-0.3026686345650194,13,10,1634112190465,2021,2021-10-13 08:03:10.465,-17.807149782811596,-10.62001358811555
0.5744656452978508,0.2472938270124125,-0.319751025342626,18,10,1634544194733,2021,2021-10-18 08:03:14.733,-16.905669454533513,-9.568289771767114
0.6354372539809797,0.2419582818877994,-0.3091429533555921,23,10,1634976190875,2021,2021-10-23 08:03:10.875,-18.01328215060676,-10.616762377032508
0.6087811345700237,0.235923766822119,-0.3019916132592223,28,10,1635408194154,2021,2021-10-28 08:03:14.154,-17.15592868779985,-9.648286025718562
0.6765450108793489,0.238257218783219,-0.300562136328953,12,11,1636704188626,2021,2021-11-12 08:03:08.626,-17.198654370309214,-9.71410018582295
0.6470646002974006,0.2727605737198699,-0.3371518799417804,17,11,1637136189793,2021,2021-11-17 08:03:09.793,-18.08860594342713,-10.98030385818432
0.6850440533629115,0.291499057666543,-0.361424164521407,22,11,1637568186017,2021,2021-11-22 08:03:06.017,-17.41666661194927,-9.854264050651452
0.6444427878579216,0.2567788378061817,-0.3195014138076528,27,11,1638000189243,2021,2021-11-27 08:03:09.243,-18.032050532590482,-11.26691257855421
0.6902784140346967,0.2991934682611341,-0.3710965521515994,2,12,1638432184717,2021,2021-12-02 08:03:04.717,-17.551051003539026,-9.955747451893307
0.618179264439833,0.2737394190672821,-0.3444355671334804,7,12,1638864188247,2021,2021-12-07 08:03:08.247,-17.551051003539026,-9.955747451893307
0.6474702106804229,0.1983055774681237,-0.2473373585572033,22,12,1640160184146,2021,2021-12-22 08:03:04.146,-18.1779594959094,-11.065007256810242
0.6316881184129026,0.2971029134086522,-0.368760702488333,15,2,1644912189732,2022,2022-02-15 08:03:09.732,-18.244331997944574,-10.970132078470552
0.6305514124965139,0.2718466286010657,-0.3385788218949732,25,2,1645776192042,2022,2022-02-25 08:03:12.042,-18.361374605657435,-11.257722764389161
0.5079594372316226,0.2745648599123045,-0.3584876968548755,7,3,1646640193281,2022,2022-03-07 08:03:13.281,-18.0141079436851,-10.79464033587488
0.6581128460357283,0.2811667238973696,-0.3544622775382277,12,3,1647072187344,2022,2022-03-12 08:03:07.344,-18.0141079436851,-10.79464033587488
0.6266588444894643,0.2903261151434772,-0.3763300151601133,22,3,1647936187118,2022,2022-03-22 08:03:07.118,-17.845420714575482,-10.537325357972243
0.647701684945136,0.2706897379239801,-0.344495988468817,1,4,1648800185789,2022,2022-04-01 08:03:05.789,-17.680602728609305,-10.729023393843576
0.5911894809388796,0.2358578596481568,-0.308153215438888,16,4,1650096192781,2022,2022-04-16 08:03:12.781,-17.789254212959683,-10.577778131008527
0.5480600392913232,0.2338340012394016,-0.308104604944103,26,4,1650960194392,2022,2022-04-26 08:03:14.392,-17.31861488575636,-9.71235299887381
0.7011525704620775,0.2822451702046996,-0.3447239247884115,6,5,1651824193882,2022,2022-05-06 08:03:13.882,-17.7662593701724,-10.353662893970485
0.7107157005135165,0.2629431339888818,-0.3269518470865254,11,5,1652256187006,2022,2022-05-11 08:03:07.006,-17.7662593701724,-10.353662893970485
0.5140976571070209,0.2565339233056582,-0.3325433266713846,21,5,1653120189304,2022,2022-05-21 08:03:09.304,-17.531960832797612,-10.283818259233263
0.5883601757527944,0.2519624165644196,-0.3193953610934507,15,6,1655280200063,2022,2022-06-15 08:03:20.063,-17.445344553051807,-10.306666754507798
0.4799056664652075,0.2379211850900467,-0.3149023074908789,25,6,1656144201840,2022,2022-06-25 08:03:21.840,-17.382613173062214,-10.419598653716859
0.562360057881939,0.252688664809698,-0.3190642987681337,5,7,1657008202392,2022,2022-07-05 08:03:22.392,-17.470719845313184,-10.477182334440993
0.6036858539353108,0.2440427822590368,-0.3108943580012477,20,7,1658304194225,2022,2022-07-20 08:03:14.225,-17.638052178180693,-10.285796806778048
0.0382324403553994,-0.0266260336979819,0.1070995589423624,30,7,1659168194202,2022,2022-07-30 08:03:14.202,-17.533009959769885,-10.412734151473863
0.5078403235889484,0.2678982765644338,-0.3435176712568969,14,8,1660464201677,2022,2022-08-14 08:03:21.677,-17.675419992247168,-10.569807308065894
0.5626100195910078,0.2947594896813592,-0.3695779563497441,24,8,1661328201953,2022,2022-08-24 08:03:21.953,-17.89884410576306,-10.629298373543723
0.5466665690573127,0.3274966026413176,-0.4129276075122559,3,9,1662192201297,2022,2022-09-03 08:03:21.297,-17.729078446445723,-10.407126844548303
0.6651953004940235,0.2844310788119348,-0.353513196375914,8,9,1662624191189,2022,2022-09-08 08:03:11.189,-17.729078446445723,-10.407126844548303
0.6721727013787145,0.2692000809948154,-0.3391114401092805,18,9,1663488190992,2022,2022-09-18 08:03:10.992,-17.746777557600687,-10.55126883269569
0.6647089339903974,0.2714421989843195,-0.3395849432710897,28,9,1664352189316,2022,2022-09-28 08:03:09.316,-17.73149018739704,-10.375963177358322
0.6085617352560233,0.30877110007865,-0.3851020841030129,13,10,1665648194205,2022,2022-10-13 08:03:14.205,-18.122062574027357,-10.36956978130549
0.407950146646314,0.3070395786702924,-0.3837725088454285,23,10,1666512191573,2022,2022-10-23 08:03:11.573,-17.66622451191583,-10.386370401007085
0.6396619576210942,0.2890011488074387,-0.3624045850898718,2,11,1667376193378,2022,2022-11-02 08:03:13.378,-17.74431287224237,-10.659800863141772
0.75555486553165,0.3438491590662649,-0.4090275489613107,27,11,1669536188364,2022,2022-11-27 08:03:08.364,-16.77736280217047,-9.013318605405724
0.6481354788421576,0.2948542081642999,-0.3556914752689434,12,12,1670832189527,2022,2022-12-12 08:03:09.527,-18.144305545554516,-11.036360621016424
0.7889551703994756,0.2694135361934244,-0.3240883569021229,22,12,1671696187058,2022,2022-12-22 08:03:07.058,-18.009326254718516,-10.686537623340284
0.0014776139507508,0.0104426460781728,0.0081120748385092,6,1,1672992186991,2023,2023-01-06 08:03:06.991,-17.324580779771328,-9.433687308524984
0.8689793861525621,0.2080841158389748,-0.254510978729798,16,1,1673856186019,2023,2023-01-16 08:03:06.019,-18.04332959322187,-10.77177797676698
0.6733104070550203,0.3348048862003369,-0.4027208646961848,10,2,1676016187939,2023,2023-02-10 08:03:07.939,-17.96909838291682,-10.864341235211151
0.5645647525378517,0.3162250819368224,-0.385864095624794,20,2,1676880186547,2023,2023-02-20 08:03:06.547,-17.80458943504353,-10.651193092373454
0.6164903618154872,0.3618527634425764,-0.4348549246665008,2,3,1677744186440,2023,2023-03-02 08:03:06.440,-17.853639013269756,-10.79854206267816
0.7187216246105343,0.3220812981460325,-0.3840267354325682,7,3,1678176192656,2023,2023-03-07 08:03:12.656,-17.853639013269756,-10.79854206267816
0.9017356258066008,0.33084580400606,-0.3783666035720718,17,3,1679040193227,2023,2023-03-17 08:03:13.227,-17.744866985590164,-10.549540538589847
0.6683292698993348,0.3218805060717215,-0.37988766282805,11,4,1681200189467,2023,2023-04-11 08:03:09.467,-17.703248815089445,-10.714119475626607
0.7244109401786739,0.3244684148448524,-0.3776888002415111,21,4,1682064187865,2023,2023-04-21 08:03:07.865,-17.6007162599092,-10.516456051990152
0.7732516444254431,0.3186242959407878,-0.3669789796669173,1,5,1682928189673,2023,2023-05-01 08:03:09.673,-17.2513858440076,-10.33104467841959
0.817412322069398,0.3061282817429336,-0.3550014776906964,6,5,1683360191937,2023,2023-05-06 08:03:11.937,-17.2513858440076,-10.33104467841959
0.7544119441931941,0.2779643625238345,-0.3306964559331722,16,5,1684224193552,2023,2023-05-16 08:03:13.552,-17.083933520392502,-10.109254598743
0.5614935563957155,0.2728346112095654,-0.3296515354604721,26,5,1685088194015,2023,2023-05-26 08:03:14.015,-16.942282328433464,-10.118764628255922
0.6215107847014445,0.2867482544008768,-0.3472815065163667,10,6,1686384193191,2023,2023-06-10 08:03:13.191,-17.342987553034266,-10.235088172840832
0.692950572948045,0.2920768109994169,-0.3481329324696681,20,6,1687248193253,2023,2023-06-20 08:03:13.253,-17.183990767351382,-9.920025765347598
0.7630950821963017,0.2924319591134438,-0.3480637092426494,5,7,1688544194706,2023,2023-07-05 08:03:14.706,-17.14360019776801,-9.916533447194059
0.742344312272514,0.3032919215280816,-0.3622806620742841,15,7,1689408194338,2023,2023-07-15 08:03:14.338,-17.014574991851703,-10.063463546301866
0.757919921515942,0.2746880308665792,-0.3280771771122764,25,7,1690272195284,2023,2023-07-25 08:03:15.284,-16.890384958360453,-9.856724211695836
0.6278584121568974,0.2955783588805803,-0.3600038680344047,19,8,1692432195391,2023,2023-08-19 08:03:15.391,-16.94449020790954,-10.394041603222641
0.6755534911958021,0.2874399025129566,-0.3502646131499921,29,8,1693296194879,2023,2023-08-29 08:03:14.879,-17.169985854235666,-10.262024733911716
0.8421104320161881,0.2643694325190384,-0.3243007525767783,3,9,1693728194063,2023,2023-09-03 08:03:14.063,-17.169985854235666,-10.262024733911716
0.7648739418722886,0.2298549699521492,-0.2823787169916094,23,9,1695456192861,2023,2023-09-23 08:03:12.861,-17.473698554682624,-10.312266396670204
0.6120077847285215,0.3393530576906028,-0.4156033900174656,8,10,1696752189318,2023,2023-10-08 08:03:09.318,-17.39841833487946,-10.263166588632167
0.6798573341211074,0.3006496932914814,-0.3694775660579523,18,10,1697616188780,2023,2023-10-18 08:03:08.780,-17.157159116276656,-10.260177313998472
-1.467395364586552,0.08842012326887,-0.0874576443791954,2,11,1698912191928,2023,2023-11-02 08:03:11.928,-17.772934627767256,-10.164437104588645
0.879504365599156,0.3357935009128877,-0.3879900926688714,12,11,1699776190319,2023,2023-11-12 08:03:10.319,-17.557519934848308,-10.488570488229549
0.7027426707558478,0.3334725632687798,-0.3979099716174249,22,11,1700640185008,2023,2023-11-22 08:03:05.008,-17.763798485622413,-10.471290491226291
0.8252447166566163,0.3408348098997177,-0.3951491272592534,7,12,1701936183285,2023,2023-12-07 08:03:03.285,-17.791059376696378,-10.292521433442582
1.0772611571864743,0.3644804593627727,-0.4018129524336121,1,1,1704096190166,2024,2024-01-01 08:03:10.166,-17.60220611063398,-10.345419177494815
0.9097056194987708,0.3877877605459262,-0.4314873619731287,11,1,1704960187095,2024,2024-01-11 08:03:07.095,-17.56577280331901,-10.36057367117013
0.8397872188016001,0.4629856254112872,-0.5394871283743511,21,1,1705824188614,2024,2024-01-21 08:03:08.614,-17.4121393071316,-10.361425415007972
-0.8163457001604124,0.3354739607863083,-0.3841618884253036,15,2,1707984187058,2024,2024-02-15 08:03:07.058,-17.478950067380655,-10.38816250192091
1.031862655496277,0.2781642574119132,-0.3203151700003196,25,2,1708848188068,2024,2024-02-25 08:03:08.068,-17.52293414401359,-10.536620767314961
1.014719542983889,0.5105165181099911,-0.6008916690086454,1,3,1709280186935,2024,2024-03-01 08:03:06.935,-17.52293414401359,-10.536620767314961
0.6684374317416402,0.2756259390227096,-0.3420956431026173,11,3,1710144185499,2024,2024-03-11 08:03:05.499,-17.017976375415014,-10.231217643321918
0.8171281822287116,0.3316461357957661,-0.3742480711198507,5,4,1712304186722,2024,2024-04-05 08:03:06.722,-17.243090700057927,-9.970544923544045
0.7640221876071079,0.3526700633933217,-0.4017955812334413,15,4,1713168191810,2024,2024-04-15 08:03:11.810,-17.079833150021603,-10.360076781116907
0.7041329270748151,0.3973259338646253,-0.4627212243856065,25,4,1714032191445,2024,2024-04-25 08:03:11.445,-17.017227973203653,-9.464124246584076
0.7445136237956014,0.3836074423145297,-0.4415660251085737,20,5,1716192188409,2024,2024-05-20 08:03:08.409,-17.045600460788716,-10.179115268506552
0.6114799839991877,0.3248454386702613,-0.3938655183231282,4,6,1717488194089,2024,2024-06-04 08:03:14.089,-16.78009498725366,-9.888559033960123
0.7186352388089484,0.293491711799607,-0.3505973252857907,14,6,1718352195344,2024,2024-06-14 08:03:15.344,-16.74449508809076,-10.021167674330703
0.6754275107709065,0.2653992337760341,-0.326451887357371,24,6,1719216193275,2024,2024-06-24 08:03:13.275,-16.53622333329708,-9.920353536045216
0.7590465073034145,0.2901705531926488,-0.3459996917404927,29,6,1719648193167,2024,2024-06-29 08:03:13.167,-16.53622333329708,-9.920353536045216
0.7663559487987107,0.2799679743108837,-0.3381048210772727,9,7,1720512191843,2024,2024-07-09 08:03:11.843,-16.75814876732711,-9.788645701070964
0.7029902321481095,0.2743034208748716,-0.3336255455926747,19,7,1721376192770,2024,2024-07-19 08:03:12.770,-16.546456505419865,-9.77767548287206
0.6903117640317632,0.2853743269603,-0.3447539179737639,3,8,1722672191821,2024,2024-08-03 08:03:11.821,-16.71271191321936,-9.970035445537214
0.9813437905713098,0.2333247965814223,-0.2862672598698213,13,8,1723536190840,2024,2024-08-13 08:03:10.840,-17.04749989138482,-10.005824349578502
0.7110222988417971,0.3312703473315896,-0.3911286491737884,23,8,1724400186642,2024,2024-08-23 08:03:06.642,-16.59479238401721,-9.97013222359986
1.6557724715104918,0.189703564685798,-0.2154555922769263,28,8,1724832191241,2024,2024-08-28 08:03:11.241,-16.59479238401721,-9.97013222359986
0.8213703955484606,0.3149354294850741,-0.3658849294558331,7,9,1725696191780,2024,2024-09-07 08:03:11.780,-17.157700784834258,-10.114942163457027
0.2715787726885211,0.3215874752417988,-0.3772012140321188,17,9,1726560190457,2024,2024-09-17 08:03:10.457,-17.014658212197364,-10.0108160004731
0.7802451625153132,0.304744406333042,-0.3598281282136392,2,10,1727856191070,2024,2024-10-02 08:03:11.070,-17.07169221483969,-10.10547397966653
0.8341452346233081,0.3143541598833827,-0.3656759331666325,12,10,1728720187575,2024,2024-10-12 08:03:07.575,-17.06604510836821,-10.11962893196212
0.6810961558410495,0.3257188850335455,-0.3869299893730283,22,10,1729584189133,2024,2024-10-22 08:03:09.133,-17.14118044221916,-10.282330824209268
-0.0407172342977175,0.0577145626006322,-0.0657613077581,27,10,1730016190169,2024,2024-10-27 08:03:10.169,-17.14118044221916,-10.282330824209268
0.8531584433991735,0.3750255057459986,-0.4344896761776786,6,11,1730880183742,2024,2024-11-06 08:03:03.742,-17.053960788882826,-9.883453581988453
0.9325444975930696,0.3701031206718752,-0.4264537713043633,16,11,1731744186444,2024,2024-11-16 08:03:06.444,-17.55819323423919,-10.410998943850782
0.7257625620045204,0.3797486247164601,-0.4474934299818979,1,12,1733040189039,2024,2024-12-01 08:03:09.039,-17.322971315535888,-10.659419774482707
0.8092987113561092,0.3539637076598628,-0.4196207236176691,11,12,1733904190252,2024,2024-12-11 08:03:10.252,-17.425495367999122,-10.209993626934155
0.8484744091268277,0.3531469131155926,-0.4163137845252321,11,12,1733904217591,2024,2024-12-11 08:03:37.591,-17.425495367999122,-10.209993626934155
0.8109990069015823,0.3513030800005809,-0.4163987299929492,21,12,1734768189168,2024,2024-12-21 08:03:09.168,-17.520340298213025,-10.678276256924397
0.9609144547188851,0.3253432796998258,-0.3824849214449775,26,12,1735200191032,2024,2024-12-26 08:03:11.032,-17.520340298213025,-10.678276256924397
0.7204995636861024,0.3964101956905486,-0.4794635254578471,5,1,1736064189569,2025,2025-01-05 08:03:09.569,-17.329446715298882,-10.503861545410029
0.8914466622368457,0.4581892542833773,-0.5298810194458607,15,1,1736928187942,2025,2025-01-15 08:03:07.942,-17.34516478482976,-10.387909397030038
0.8473623626327503,0.3934552584180338,-0.4567738988787834,30,1,1738224220304,2025,2025-01-30 08:03:40.304,-17.509880287956097,-10.482338819007692
0.7906112807547488,0.3255422969252877,-0.3837404297510499,9,2,1739088219741,2025,2025-02-09 08:03:39.741,-17.192920247902016,-10.449704044085546
0.7707574951239116,0.3394530379196105,-0.3897500811930561,19,2,1739952214853,2025,2025-02-19 08:03:34.853,-17.16529497066717,-10.257698195317454
7.511545674493258,0.3204793927637762,-0.3346126471574489,16,3,1742112191450,2025,2025-03-16 08:03:11.450,-17.47148653590088,-10.381600638257261
0.673705281254989,0.3666394763675274,-0.4385935064857922,2,4,1743581000365,2025,2025-04-02 08:03:20.365,-17.46205023355626,-9.976274146715163
0.6835835805460063,0.2613769509241396,-0.3208306880354312,10,4,1744272211878,2025,2025-04-10 08:03:31.878,-17.011742306065155,-10.054120622022623
0.8093264806012127,0.3238236628026574,-0.3820286164523559,15,4,1744704191977,2025,2025-04-15 08:03:11.977,-17.87872270532342,-11.132326858155292
0.7136336611338268,0.2752726754080433,-0.3347608338470673,20,4,1745136210617,2025,2025-04-20 08:03:30.617,-17.30224239378055,-10.063307164822008
0.7264973555540988,0.3100660927386875,-0.3718818701762376,22,4,1745309003178,2025,2025-04-22 08:03:23.178,-17.30224239378055,-10.063307164822008
0.8107534312659781,0.3135494543905238,-0.3734807159874983,5,5,1746432191263,2025,2025-05-05 08:03:11.263,-17.034992037036982,-10.173931349077819
0.08645189752614,0.2346829072091893,-0.2947904098759311,10,5,1746864208153,2025,2025-05-10 08:03:28.153,-17.728766462506435,-10.96964351086472
0.6973793715785498,0.2865760267607625,-0.3513662886864208,12,5,1747037002831,2025,2025-05-12 08:03:22.831,-17.728766462506435,-10.96964351086472
0.6971138726250912,0.2663971717458124,-0.3292293071354026,15,5,1747296189511,2025,2025-05-15 08:03:09.511,-16.904212909049125,-10.196791088640875
0.5364875667680753,0.3305698819931466,-0.4261336316806107,20,5,1747728207302,2025,2025-05-20 08:03:27.302,-17.293933460343286,-10.221453910423076
0.7264659765643899,0.2956101128921556,-0.3614145744951903,25,5,1748160190595,2025,2025-05-25 08:03:10.595,-17.034932852898866,-10.624218399398844
0.7017051038576178,0.2776579694371247,-0.3431959929348833,30,5,1748592209647,2025,2025-05-30 08:03:29.647,-16.790434602100888,-9.337915799175926
0.6849756981025255,0.2882960618026545,-0.354283228961919,1,6,1748765006397,2025,2025-06-01 08:03:26.397,-16.790434602100888,-9.337915799175926
0.6189737852553397,0.3175301099346886,-0.391935065877384,4,6,1749024189654,2025,2025-06-04 08:03:09.654,-16.98916077463037,-10.413625893685545
0.7266280322968114,0.2748282554945808,-0.342132659963018,9,6,1749456209600,2025,2025-06-09 08:03:29.600,-16.833313323478976,-9.605448205119538
0.6515762516014059,0.2969442237771331,-0.3698537552651617,29,6,1751184214478,2025,2025-06-29 08:03:34.478,-16.750462106880587,-10.46294342589096
0.7037172459425537,0.2906971137050368,-0.3572768070471318,4,7,1751616192632,2025,2025-07-04 08:03:12.632,-16.650655336674255,-9.574027224697785
0.6493379629169196,0.2685850229295413,-0.336739226980945,9,7,1752048214620,2025,2025-07-09 08:03:34.620,-17.07497477247956,-10.287926526896756
0.6671023452865765,0.2705459951326474,-0.3384543207605187,11,7,1752221008406,2025,2025-07-11 08:03:28.406,-17.07497477247956,-10.287926526896756
0.6910934768686872,0.2947830128733221,-0.366385066493625,14,7,1752480192819,2025,2025-07-14 08:03:12.819,-16.8820039608934,-9.492537345055435
0.7981719022525402,0.2610370723826244,-0.3311332377560535,19,7,1752912216442,2025,2025-07-19 08:03:36.442,-16.8820039608934,-9.492537345055435
0.7043082951002251,0.2818656993087649,-0.3494194797780848,24,7,1753344191413,2025,2025-07-24 08:03:11.413,-16.968701138436316,-10.387781066542503
0.6182568260690064,0.2798396398277332,-0.3572849932923466,29,7,1753776211086,2025,2025-07-29 08:03:31.086,-16.622841187596503,-9.692746547244116
0.5704046486666791,0.2428760371666224,-0.3115445347430182,3,8,1754208189901,2025,2025-08-03 08:03:09.901,-17.077116186468476,-10.675875199606464
0.5138298232410168,0.2983441450526133,-0.3894990924214507,8,8,1754640207689,2025,2025-08-08 08:03:27.689,-16.86965558094001,-9.63423151149283
0.5240963551088561,0.262814009804916,-0.3456612960604243,13,8,1755072191565,2025,2025-08-13 08:03:11.565,-17.049770719891654,-10.52358172547345
0.5721582706485446,0.2822361589788534,-0.3604775310616379,20,8,1755677003173,2025,2025-08-20 08:03:23.173,-17.005663067052403,-9.623323862741195
0.566850409922597,0.2556755925886786,-0.3315918984159452,23,8,1755936191400,2025,2025-08-23 08:03:11.400,-17.005663067052403,-9.623323862741195
0.6431177542856347,0.2921587388905819,-0.3678650824280532,28,8,1756368212396,2025,2025-08-28 08:03:32.396,-17.150248493614534,-10.432729416558855
0.7515363340808585,0.2891801962929595,-0.355667048806226,2,9,1756800189277,2025,2025-09-02 08:03:09.277,-16.8865336317872,-9.43003684805273
